# Explicit normal Sonic anatomy lasso and neck anchors. Origin: Mutator Lab, 2026-10-08.
# Runtime pixels stay ROM-backed; frame classifications are exhaustive.
# FRAME KIND ANCHOR_X ANCHOR_Y PIECE_IDS POLYGON_PIXEL_EDGES
fingerprint=f89886b911fb80fed72635a7a5528c569833ba609678be5aea3504d0b4be75dc
00 EMPTY
01 MASKED -2 -3 0,1,2,3 -32,-36;16,-36;16,-11;12,-6;8,-3;2,-2;-3,-3;-24,4;-30,-4
02 MASKED -2 -3 0,1,2 -32,-36;16,-36;16,-11;12,-6;8,-3;2,-2;-3,-3;-24,4;-30,-4
03 MASKED -2 -3 0,1,2 -32,-36;16,-36;16,-11;12,-6;8,-3;2,-2;-3,-3;-24,4;-30,-4
04 MASKED -2 -3 0,1,2 -32,-36;16,-36;16,-11;12,-6;8,-3;2,-2;-3,-3;-24,4;-30,-4
05 MASKED -2 -3 0,1,2 -32,-36;16,-36;16,-11;12,-6;8,-3;2,-2;-3,-3;-24,4;-30,-4
06 MASKED -2 -3 0,1,2,3 -32,-36;16,-36;16,-11;12,-6;8,-3;2,-2;-3,-3;-24,4;-30,-4
07 MASKED -2 -3 0,1 -32,-36;16,-36;16,-11;12,-6;8,-3;2,-2;-3,-3;-24,4;-30,-4
08 MASKED -2 -3 0,1 -32,-36;16,-36;16,-11;12,-6;8,-3;2,-2;-3,-3;-24,4;-30,-4
09 MASKED -2 -3 0,1,2,3 -32,-36;16,-36;16,-11;12,-6;8,-3;2,-2;-3,-3;-24,4;-30,-4
0A MASKED -2 -3 0,1 -32,-36;16,-36;16,-11;12,-6;8,-3;2,-2;-3,-3;-24,4;-30,-4
0B MASKED -2 -3 0,1,2 -32,-36;16,-36;16,-11;12,-6;8,-3;2,-2;-3,-3;-24,4;-30,-4
0C MASKED -2 -2 0,1,2,3,4 -32,-32;0,-32;9,-19;9,-10;2,-3;-5,1;-10,7;-24,14;-32,8
0D MASKED -2 -2 0,1,2,3,4,5 -32,-32;0,-32;9,-19;9,-10;2,-3;-5,1;-10,7;-24,14;-32,8
0E MASKED -2 -2 0,1,2,3 -32,-32;0,-32;9,-19;9,-10;2,-3;-5,1;-10,7;-24,14;-32,8
0F MASKED -2 -2 0,1,2,3,4 -32,-32;0,-32;9,-19;9,-10;2,-3;-5,1;-10,7;-24,14;-32,8
10 MASKED -2 -2 0,1,2,3 -32,-32;0,-32;9,-19;9,-10;2,-3;-5,1;-10,7;-24,14;-32,8
11 MASKED -2 -2 0,1,2,3,4 -32,-32;0,-32;9,-19;9,-10;2,-3;-5,1;-10,7;-24,14;-32,8
12 MASKED -3 0 0,1,2,3 -32,-24;-5,-24;1,-11;1,-3;-2,4;-8,12;-16,24;-32,24
13 MASKED -3 0 0,1 -32,-24;-5,-24;1,-11;1,-3;-2,4;-8,12;-16,24;-32,24
14 MASKED -3 0 0,1 -32,-24;-5,-24;1,-11;1,-3;-2,4;-8,12;-16,24;-32,24
15 MASKED -3 0 0,1,2,3 -32,-24;-5,-24;1,-11;1,-3;-2,4;-8,12;-16,24;-32,24
16 MASKED -3 0 0,1 -32,-24;-5,-24;1,-11;1,-3;-2,4;-8,12;-16,24;-32,24
17 MASKED -3 0 0,1,2 -32,-24;-5,-24;1,-11;1,-3;-2,4;-8,12;-16,24;-32,24
18 MASKED -4 3 0,1,2,3,4,5 -32,-10;-14,-10;-7,-5;0,4;-2,12;-7,17;-11,26;-32,32
19 MASKED -4 3 0,1,2,3,4,5 -32,-10;-14,-10;-7,-5;0,4;-2,12;-7,17;-11,26;-32,32
1A MASKED -4 3 0,1,2,3 -32,-10;-14,-10;-7,-5;0,4;-2,12;-7,17;-11,26;-32,32
1B MASKED -4 3 0,1,2,3,4 -32,-10;-14,-10;-7,-5;0,4;-2,12;-7,17;-11,26;-32,32
1C MASKED -4 3 0,1,2,3 -32,-10;-14,-10;-7,-5;0,4;-2,12;-7,17;-11,26;-32,32
1D MASKED -4 3 0,1,2,3,4 -32,-10;-14,-10;-7,-5;0,4;-2,12;-7,17;-11,26;-32,32
1E MASKED -2 -3 0,1 -32,-36;16,-36;16,-11;12,-6;8,-3;2,-2;-3,-3;-24,4;-30,-4
1F MASKED -2 -3 0,1 -32,-36;16,-36;16,-11;12,-6;8,-3;2,-2;-3,-3;-24,4;-30,-4
20 MASKED -2 -3 0,1 -32,-36;16,-36;16,-11;12,-6;8,-3;2,-2;-3,-3;-24,4;-30,-4
21 MASKED -2 -3 0,1 -32,-36;16,-36;16,-11;12,-6;8,-3;2,-2;-3,-3;-24,4;-30,-4
22 MASKED -2 -2 0,1,2,3 -32,-32;0,-32;9,-19;9,-10;2,-3;-5,1;-10,7;-24,14;-32,8
23 MASKED -2 -2 0,1,2 -32,-32;0,-32;9,-19;9,-10;2,-3;-5,1;-10,7;-24,14;-32,8
24 MASKED -2 -2 0,1,2,3 -32,-32;0,-32;9,-19;9,-10;2,-3;-5,1;-10,7;-24,14;-32,8
25 MASKED -2 -2 0,1,2 -32,-32;0,-32;9,-19;9,-10;2,-3;-5,1;-10,7;-24,14;-32,8
26 MASKED -3 0 0,1 -32,-24;-5,-24;1,-11;1,-3;-2,4;-8,12;-16,24;-32,24
27 MASKED -3 0 0,1 -32,-24;-5,-24;1,-11;1,-3;-2,4;-8,12;-16,24;-32,24
28 MASKED -3 0 0,1 -32,-24;-5,-24;1,-11;1,-3;-2,4;-8,12;-16,24;-32,24
29 MASKED -3 0 0,1 -32,-24;-5,-24;1,-11;1,-3;-2,4;-8,12;-16,24;-32,24
2A MASKED -4 3 0,1,2,3 -32,-10;-14,-10;-7,-5;0,4;-2,12;-7,17;-11,26;-32,32
2B MASKED -4 3 0,1 -32,-10;-14,-10;-7,-5;0,4;-2,12;-7,17;-11,26;-32,32
2C MASKED -4 3 0,1,2,3 -32,-10;-14,-10;-7,-5;0,4;-2,12;-7,17;-11,26;-32,32
2D MASKED -4 3 0,1 -32,-10;-14,-10;-7,-5;0,4;-2,12;-7,17;-11,26;-32,32
2E BALL_STOCK
2F BALL_STOCK
30 BALL_STOCK
31 BALL_STOCK
32 BALL_STOCK
33 BALL_STOCK
34 BALL_STOCK
35 BALL_STOCK
36 BALL_STOCK
37 MASKED -2 -3 0,1 -32,-36;16,-36;16,-11;12,-6;8,-3;2,-2;-3,-3;-24,4;-30,-4
38 MASKED -2 -3 0,1,2,3 -32,-36;16,-36;16,-11;12,-6;8,-3;2,-2;-3,-3;-24,4;-30,-4
39 MASKED -3 10 0,1,2,3 -24,-24;24,-24;24,12;17,16;3,16;0,12;-2,10;-5,8;-11,8;-17,12;-24,12
3A MASKED -2 -3 0,1,2 -32,-36;16,-36;16,-11;12,-6;8,-3;2,-2;-3,-3;-24,4;-30,-4
3B MASKED -2 -3 0,1,2 -24,-32;24,-32;24,-10;12,-5;5,-2;-3,-2;-8,-4;-9,-15;-24,-20
3C UNSUPPORTED
3D UNSUPPORTED
3E UNSUPPORTED
3F UNSUPPORTED
40 MASKED -2 -3 0,1,2 -32,-36;16,-36;16,-11;12,-6;8,-3;2,-2;-3,-3;-24,4;-30,-4
41 UNSUPPORTED
42 UNSUPPORTED
43 UNSUPPORTED
44 UNSUPPORTED
45 MASKED -2 -3 0,1 -32,-36;16,-36;16,-11;12,-6;8,-3;2,-2;-3,-3;-24,4;-30,-4
46 MASKED -2 -3 0,1,2 -32,-36;16,-36;16,-11;12,-6;8,-3;2,-2;-3,-3;-24,4;-30,-4
47 MASKED -2 -3 0,1 -32,-36;16,-36;16,-11;12,-6;8,-3;2,-2;-3,-3;-24,4;-30,-4
48 MASKED -2 -3 0,1,2 -32,-36;16,-36;16,-11;12,-6;8,-3;2,-2;-3,-3;-24,4;-30,-4
49 UNSUPPORTED
4A UNSUPPORTED
4B UNSUPPORTED
4C UNSUPPORTED
4D UNSUPPORTED
4E UNSUPPORTED
4F UNSUPPORTED
50 UNSUPPORTED
51 UNSUPPORTED
52 UNSUPPORTED
53 UNSUPPORTED
54 UNSUPPORTED
55 UNSUPPORTED
56 UNSUPPORTED
57 UNSUPPORTED
