# Explicit normal Sonic anatomy lasso and neck anchors. Origin: Mutator Lab, 2026-10-08.
# Runtime pixels stay ROM-backed; frame classifications are exhaustive.
# FRAME KIND ANCHOR_X ANCHOR_Y PIECE_IDS POLYGON_PIXEL_EDGES
fingerprint=8a476a6551a97a1d5bc6ac2a3a1cf6d4b33e682f4cd1201cdb32b3fa5d64e236
00 EMPTY
01 MASKED -2 -3 0,1,2,3 -32,-36;16,-36;16,-11;12,-6;8,-3;2,-2;-3,-3;-24,4;-30,-4
02 MASKED -2 -3 0,1 -32,-36;16,-36;16,-11;12,-6;8,-3;2,-2;-3,-3;-24,4;-30,-4
03 MASKED -2 -3 0,1,2,3 -32,-36;16,-36;16,-11;12,-6;8,-3;2,-2;-3,-3;-24,4;-30,-4
04 MASKED -2 -3 0,1,2,3 -32,-36;16,-36;16,-11;12,-6;8,-3;2,-2;-3,-3;-24,4;-30,-4
05 MASKED -2 -3 0,1,2,3,4 -32,-36;16,-36;16,-11;12,-6;8,-3;2,-2;-3,-3;-24,4;-30,-4
06 MASKED -2 -3 0,1,2 -32,-36;16,-36;16,-11;12,-6;8,-3;2,-2;-3,-3;-24,4;-30,-4
07 MASKED -5 10 0,1 -24,-24;16,-24;16,4;7,7;3,10;-4,11;-10,9;-12,6;-24,6
08 MASKED -11 13 0,1 -28,-24;0,-24;0,8;-3,12;-8,14;-12,13;-16,10;-20,12;-26,10
09 MASKED -11 13 0,1 -28,-24;0,-24;0,8;-3,12;-8,14;-12,13;-16,10;-20,12;-26,10
0A MASKED -2 -3 0,1 -32,-36;16,-36;16,-11;12,-6;8,-3;2,-2;-3,-3;-24,4;-30,-4
0B MASKED -2 -3 0,1,2,3 -32,-36;16,-36;16,-11;12,-6;8,-3;2,-2;-3,-3;-24,4;-30,-4
0C MASKED -2 -3 0,1,2,3 -32,-36;16,-36;16,-11;12,-6;8,-3;2,-2;-3,-3;-24,4;-30,-4
0D MASKED -2 -3 0,1,2 -32,-36;16,-36;16,-11;12,-6;8,-3;2,-2;-3,-3;-24,4;-30,-4
0E MASKED -2 -3 0,1,2,3 -32,-36;16,-36;16,-11;12,-6;8,-3;2,-2;-3,-3;-24,4;-30,-4
0F MASKED -2 -3 0,1,2 -32,-36;16,-36;16,-11;12,-6;8,-3;2,-2;-3,-3;-24,4;-30,-4
10 MASKED -2 -3 0,1 -32,-36;16,-36;16,-11;12,-6;8,-3;2,-2;-3,-3;-24,4;-30,-4
11 MASKED -2 -3 0,1,2 -32,-36;16,-36;16,-11;12,-6;8,-3;2,-2;-3,-3;-24,4;-30,-4
12 MASKED -2 -3 0,1,2,3 -32,-36;16,-36;16,-11;12,-6;8,-3;2,-2;-3,-3;-24,4;-30,-4
13 MASKED -2 -3 0,1,2 -32,-36;16,-36;16,-11;12,-6;8,-3;2,-2;-3,-3;-24,4;-30,-4
14 MASKED -2 -3 0,1 -32,-36;16,-36;16,-11;12,-6;8,-3;2,-2;-3,-3;-24,4;-30,-4
15 MASKED -5 -4 0,1,2,3 -32,-32;2,-32;8,-17;4,-12;3,-9;0,-6;-4,-4;-7,-1;-12,5;-18,8;-32,8
16 MASKED -5 -4 0,1,2,3,4 -32,-32;2,-32;8,-17;4,-12;3,-9;0,-6;-4,-4;-7,-1;-12,5;-18,8;-32,8
17 MASKED -5 -4 0,1,2,3 -32,-32;2,-32;8,-17;4,-12;3,-9;0,-6;-4,-4;-7,-1;-12,5;-18,8;-32,8
18 MASKED -5 -4 0,1,2,3 -32,-32;2,-32;8,-17;4,-12;3,-9;0,-6;-4,-4;-7,-1;-12,5;-18,8;-32,8
19 MASKED -5 -4 0,1,2,3,4 -32,-32;2,-32;8,-17;4,-12;3,-9;0,-6;-4,-4;-7,-1;-12,5;-18,8;-32,8
1A MASKED -5 -4 0,1,2,3,4 -32,-32;2,-32;8,-17;4,-12;3,-9;0,-6;-4,-4;-7,-1;-12,5;-18,8;-32,8
1B MASKED -5 -4 0,1,2,3 -32,-32;2,-32;8,-17;4,-12;3,-9;0,-6;-4,-4;-7,-1;-12,5;-18,8;-32,8
1C MASKED -5 -4 0,1,2,3,4 -32,-32;2,-32;8,-17;4,-12;3,-9;0,-6;-4,-4;-7,-1;-12,5;-18,8;-32,8
1D MASKED -5 -2 0,1,2 -32,-24;-6,-24;-3,-12;-2,-7;-1,-3;-4,1;-5,7;-8,12;-9,19;-12,24;-32,24
1E MASKED -5 -2 0,1,2 -32,-24;-6,-24;-3,-12;-2,-7;-1,-3;-4,1;-5,7;-8,12;-9,19;-12,24;-32,24
1F MASKED -5 -2 0,1,2 -32,-24;-6,-24;-3,-12;-2,-7;-1,-3;-4,1;-5,7;-8,12;-9,19;-12,24;-32,24
20 MASKED -5 -2 0,1 -32,-24;-6,-24;-3,-12;-2,-7;-1,-3;-4,1;-5,7;-8,12;-9,19;-12,24;-32,24
21 MASKED -5 -2 0,1,2 -32,-24;-6,-24;-3,-12;-2,-7;-1,-3;-4,1;-5,7;-8,12;-9,19;-12,24;-32,24
22 MASKED -5 -2 0,1,2 -32,-24;-6,-24;-3,-12;-2,-7;-1,-3;-4,1;-5,7;-8,12;-9,19;-12,24;-32,24
23 MASKED -5 -2 0,1,2 -32,-24;-6,-24;-3,-12;-2,-7;-1,-3;-4,1;-5,7;-8,12;-9,19;-12,24;-32,24
24 MASKED -5 -2 0,1 -32,-24;-6,-24;-3,-12;-2,-7;-1,-3;-4,1;-5,7;-8,12;-9,19;-12,24;-32,24
25 MASKED -6 2 0,1,2,3 -32,-11;-15,-11;-8,-7;-3,-4;0,1;1,7;-2,12;-5,17;-8,23;-11,29;-32,32
26 MASKED -6 2 0,1,2,3,4 -32,-11;-15,-11;-8,-7;-3,-4;0,1;1,7;-2,12;-5,17;-8,23;-11,29;-32,32
27 MASKED -6 2 0,1,2,3 -32,-11;-15,-11;-8,-7;-3,-4;0,1;1,7;-2,12;-5,17;-8,23;-11,29;-32,32
28 MASKED -6 2 0,1,2,3 -32,-11;-15,-11;-8,-7;-3,-4;0,1;1,7;-2,12;-5,17;-8,23;-11,29;-32,32
29 MASKED -6 2 0,1,2,3 -32,-11;-15,-11;-8,-7;-3,-4;0,1;1,7;-2,12;-5,17;-8,23;-11,29;-32,32
2A MASKED -6 2 0,1,2,3,4 -32,-11;-15,-11;-8,-7;-3,-4;0,1;1,7;-2,12;-5,17;-8,23;-11,29;-32,32
2B MASKED -6 2 0,1,2,3 -32,-11;-15,-11;-8,-7;-3,-4;0,1;1,7;-2,12;-5,17;-8,23;-11,29;-32,32
2C MASKED -6 2 0,1,2,3 -32,-11;-15,-11;-8,-7;-3,-4;0,1;1,7;-2,12;-5,17;-8,23;-11,29;-32,32
2D MASKED -1 -1 0,1 -32,-32;24,-32;24,-3;16,0;7,2;4,-1;-4,-2;-8,0;-14,2;-32,2
2E MASKED -1 -1 0,1 -32,-32;24,-32;24,-3;16,0;7,2;4,-1;-4,-2;-8,0;-14,2;-32,2
2F MASKED -1 -1 0,1 -32,-32;24,-32;24,-3;16,0;7,2;4,-1;-4,-2;-8,0;-14,2;-32,2
30 MASKED -1 -1 0,1 -32,-32;24,-32;24,-3;16,0;7,2;4,-1;-4,-2;-8,0;-14,2;-32,2
31 MASKED -2 -2 0,1,2,3 -32,-32;0,-32;9,-19;9,-10;2,-3;-5,1;-10,7;-24,14;-32,8
32 MASKED -2 -2 0,1,2 -32,-32;0,-32;9,-19;9,-10;2,-3;-5,1;-10,7;-24,14;-32,8
33 MASKED -2 -2 0,1,2,3 -32,-32;0,-32;9,-19;9,-10;2,-3;-5,1;-10,7;-24,14;-32,8
34 MASKED -2 -2 0,1,2 -32,-32;0,-32;9,-19;9,-10;2,-3;-5,1;-10,7;-24,14;-32,8
35 MASKED -3 0 0,1 -32,-24;-5,-24;1,-11;1,-3;-2,4;-8,12;-16,24;-32,24
36 MASKED -3 0 0,1 -32,-24;-5,-24;1,-11;1,-3;-2,4;-8,12;-16,24;-32,24
37 MASKED -3 0 0,1 -32,-24;-5,-24;1,-11;1,-3;-2,4;-8,12;-16,24;-32,24
38 MASKED -3 0 0,1 -32,-24;-5,-24;1,-11;1,-3;-2,4;-8,12;-16,24;-32,24
39 MASKED -4 3 0,1,2 -32,-10;-14,-10;-7,-5;0,4;-2,12;-7,17;-11,26;-32,32
3A MASKED -4 3 0,1 -32,-10;-14,-10;-7,-5;0,4;-2,12;-7,17;-11,26;-32,32
3B MASKED -4 3 0,1,2 -32,-10;-14,-10;-7,-5;0,4;-2,12;-7,17;-11,26;-32,32
3C MASKED -4 3 0,1 -32,-10;-14,-10;-7,-5;0,4;-2,12;-7,17;-11,26;-32,32
3D BALL_STOCK
3E BALL_STOCK
3F BALL_STOCK
40 BALL_STOCK
41 BALL_STOCK
42 BALL_STOCK
43 BALL_STOCK
44 BALL_STOCK
45 BALL_STOCK
46 BALL_STOCK
47 BALL_STOCK
48 MASKED -2 -3 0,1,2 -32,-36;16,-36;16,-11;12,-6;8,-3;2,-2;-3,-3;-24,4;-30,-4
49 MASKED -2 -3 0,1,2 -32,-36;16,-36;16,-11;12,-6;8,-3;2,-2;-3,-3;-24,4;-30,-4
4A MASKED -2 -3 0,1,2 -32,-36;16,-36;16,-11;12,-6;8,-3;2,-2;-3,-3;-24,4;-30,-4
4B MASKED -2 -3 0,1,2 -32,-36;16,-36;16,-11;12,-6;8,-3;2,-2;-3,-3;-24,4;-30,-4
4C MASKED -3 6 0 -24,-32;24,-32;24,1;12,4;6,7;-2,8;-5,6;-15,8;-24,8
4D MASKED -3 10 0 -24,-24;24,-24;24,12;17,16;3,16;0,12;-2,10;-5,8;-11,8;-17,12;-24,12
4E UNSUPPORTED
4F UNSUPPORTED
50 UNSUPPORTED
51 UNSUPPORTED
52 UNSUPPORTED
53 UNSUPPORTED
54 UNSUPPORTED
55 UNSUPPORTED
56 UNSUPPORTED
57 UNSUPPORTED
58 UNSUPPORTED
59 UNSUPPORTED
5A UNSUPPORTED
5B MASKED -2 -3 0,1 -32,-36;16,-36;16,-11;12,-6;8,-3;2,-2;-3,-3;-24,4;-30,-4
5C UNSUPPORTED
5D UNSUPPORTED
5E UNSUPPORTED
5F UNSUPPORTED
60 UNSUPPORTED
61 UNSUPPORTED
62 UNSUPPORTED
63 UNSUPPORTED
64 UNSUPPORTED
65 UNSUPPORTED
66 UNSUPPORTED
67 UNSUPPORTED
68 UNSUPPORTED
69 UNSUPPORTED
6A UNSUPPORTED
6B UNSUPPORTED
6C UNSUPPORTED
6D UNSUPPORTED
6E BALL_STOCK
6F UNSUPPORTED
70 UNSUPPORTED
71 UNSUPPORTED
72 UNSUPPORTED
73 UNSUPPORTED
74 UNSUPPORTED
75 UNSUPPORTED
76 UNSUPPORTED
77 UNSUPPORTED
78 UNSUPPORTED
79 UNSUPPORTED
7A UNSUPPORTED
7B UNSUPPORTED
7C UNSUPPORTED
7D UNSUPPORTED
7E UNSUPPORTED
7F UNSUPPORTED
80 UNSUPPORTED
81 UNSUPPORTED
82 UNSUPPORTED
83 UNSUPPORTED
84 UNSUPPORTED
85 UNSUPPORTED
86 UNSUPPORTED
87 UNSUPPORTED
88 UNSUPPORTED
89 UNSUPPORTED
8A UNSUPPORTED
8B UNSUPPORTED
8C UNSUPPORTED
8D UNSUPPORTED
8E UNSUPPORTED
8F UNSUPPORTED
90 UNSUPPORTED
91 UNSUPPORTED
92 UNSUPPORTED
93 UNSUPPORTED
94 UNSUPPORTED
95 UNSUPPORTED
96 UNSUPPORTED
97 UNSUPPORTED
98 UNSUPPORTED
99 UNSUPPORTED
9A UNSUPPORTED
9B UNSUPPORTED
9C UNSUPPORTED
9D UNSUPPORTED
9E UNSUPPORTED
9F UNSUPPORTED
A0 UNSUPPORTED
A1 UNSUPPORTED
A2 UNSUPPORTED
A3 UNSUPPORTED
A4 UNSUPPORTED
A5 UNSUPPORTED
A6 UNSUPPORTED
A7 UNSUPPORTED
A8 UNSUPPORTED
A9 UNSUPPORTED
AA UNSUPPORTED
AB UNSUPPORTED
AC UNSUPPORTED
AD UNSUPPORTED
AE UNSUPPORTED
AF UNSUPPORTED
B0 UNSUPPORTED
B1 UNSUPPORTED
B2 UNSUPPORTED
B3 UNSUPPORTED
B4 UNSUPPORTED
B5 UNSUPPORTED
B6 UNSUPPORTED
B7 UNSUPPORTED
B8 UNSUPPORTED
B9 UNSUPPORTED
BA UNSUPPORTED
BB UNSUPPORTED
BC UNSUPPORTED
BD UNSUPPORTED
BE UNSUPPORTED
BF UNSUPPORTED
C0 UNSUPPORTED
C1 UNSUPPORTED
C2 UNSUPPORTED
C3 UNSUPPORTED
C4 UNSUPPORTED
C5 UNSUPPORTED
C6 UNSUPPORTED
C7 UNSUPPORTED
C8 MASKED 1 2 0,1,2 -24,-32;24,-32;24,-8;16,-4;10,-1;5,3;0,3;-3,0;-7,0;-10,5;-9,-3;-8,-10;-8,-12;-16,-16;-24,-16
C9 MASKED 1 2 0,1,2 -24,-32;24,-32;24,-8;16,-4;10,-1;5,3;0,3;-3,0;-7,0;-10,5;-9,-3;-8,-10;-8,-12;-16,-16;-24,-16
CA MASKED 1 2 0,1,2 -24,-32;24,-32;24,-8;16,-4;10,-1;5,3;0,3;-3,0;-7,0;-10,5;-9,-3;-8,-10;-8,-12;-16,-16;-24,-16
CB MASKED 1 2 0,1,2,3,4 -24,-32;24,-32;24,-8;16,-4;10,-1;5,3;0,3;-3,0;-7,0;-10,5;-9,-3;-8,-10;-8,-12;-16,-16;-24,-16
CC MASKED -3 1 0,1,2,3 -24,-32;24,-32;24,-5;8,0;4,2;0,1;-3,1;-6,-2;-7,-5;-8,-11;-24,-16
CD MASKED -3 1 0,1,2,3 -24,-32;24,-32;24,-5;8,0;4,2;0,1;-3,1;-6,-2;-7,-5;-8,-11;-24,-16
CE MASKED -3 1 0,1,2,3 -24,-32;24,-32;24,-5;8,0;4,2;0,1;-3,1;-6,-2;-7,-5;-8,-11;-24,-16
CF MASKED -3 1 0,1,2 -24,-32;24,-32;24,-5;8,0;4,2;0,1;-3,1;-6,-2;-7,-5;-8,-11;-24,-16
D0 MASKED -2 -3 0,1,2 -24,-32;24,-32;24,-10;12,-5;5,-2;-3,-2;-8,-4;-9,-15;-24,-20
D1 MASKED -2 -3 0,1,2 -32,-36;16,-36;16,-11;12,-6;8,-3;2,-2;-3,-3;-24,4;-30,-4
D2 MASKED -2 -3 0,1,2,3 -32,-36;16,-36;16,-11;12,-6;8,-3;2,-2;-3,-3;-24,4;-30,-4
D3 MASKED -2 -3 0,1,2,3 -32,-36;16,-36;16,-11;12,-6;8,-3;2,-2;-3,-3;-24,4;-30,-4
D4 MASKED -2 -3 0,1,2,3 -32,-36;16,-36;16,-11;12,-6;8,-3;2,-2;-3,-3;-24,4;-30,-4
D5 MASKED -2 -3 0,1 -32,-36;16,-36;16,-11;12,-6;8,-3;2,-2;-3,-3;-24,4;-30,-4
