# Explicit normal Sonic anatomy lasso and neck anchors. Origin: Mutator Lab, 2026-10-08.
# Runtime pixels stay ROM-backed; frame classifications are exhaustive.
# FRAME KIND ANCHOR_X ANCHOR_Y PIECE_IDS POLYGON_PIXEL_EDGES
fingerprint=e82f05f45d8bc2205fdff714dae38bbf53a0822b5aa499b21bed1284c354a431
00 EMPTY
01 MASKED -2 -3 0,1,2 -32,-36;16,-36;16,-11;12,-6;8,-3;2,-2;-3,-3;-24,4;-30,-4
02 MASKED -2 -3 0,1,2 -32,-36;16,-36;16,-11;12,-6;8,-3;2,-2;-3,-3;-24,4;-30,-4
03 MASKED -2 -3 0,1,2 -32,-36;16,-36;16,-11;12,-6;8,-3;2,-2;-3,-3;-24,4;-30,-4
04 MASKED -2 -3 0,1 -32,-36;16,-36;16,-11;12,-6;8,-3;2,-2;-3,-3;-24,4;-30,-4
05 MASKED -2 -3 0,1,2 -32,-36;16,-36;16,-11;12,-6;8,-3;2,-2;-3,-3;-24,4;-30,-4
06 MASKED -2 -3 0,1,2 -32,-36;16,-36;16,-11;12,-6;8,-3;2,-2;-3,-3;-24,4;-30,-4
07 MASKED -2 -3 0,1,2 -32,-36;16,-36;16,-11;12,-6;8,-3;2,-2;-3,-3;-24,4;-30,-4
08 MASKED -2 -3 0,1 -32,-36;16,-36;16,-11;12,-6;8,-3;2,-2;-3,-3;-24,4;-30,-4
09 MASKED -5 -4 0,1,2,3 -32,-32;2,-32;8,-17;4,-12;3,-9;0,-6;-4,-4;-7,-1;-12,5;-18,8;-32,8
0A MASKED -5 -4 0,1,2,3 -32,-32;2,-32;8,-17;4,-12;3,-9;0,-6;-4,-4;-7,-1;-12,5;-18,8;-32,8
0B MASKED -5 -4 0,1,2,3 -32,-32;2,-32;8,-17;4,-12;3,-9;0,-6;-4,-4;-7,-1;-12,5;-18,8;-32,8
0C MASKED -5 -4 0,1,2,3 -32,-32;2,-32;8,-17;4,-12;3,-9;0,-6;-4,-4;-7,-1;-12,5;-18,8;-32,8
0D MASKED -5 -4 0,1,2,3 -32,-32;2,-32;8,-17;4,-12;3,-9;0,-6;-4,-4;-7,-1;-12,5;-18,8;-32,8
0E MASKED -5 -4 0,1,2,3 -32,-32;2,-32;8,-17;4,-12;3,-9;0,-6;-4,-4;-7,-1;-12,5;-18,8;-32,8
0F MASKED -5 -4 0,1,2,3 -32,-32;2,-32;8,-17;4,-12;3,-9;0,-6;-4,-4;-7,-1;-12,5;-18,8;-32,8
10 MASKED -5 -4 0,1,2,3 -32,-32;2,-32;8,-17;4,-12;3,-9;0,-6;-4,-4;-7,-1;-12,5;-18,8;-32,8
11 MASKED -5 -2 0,1,2 -32,-24;-6,-24;-3,-12;-2,-7;-1,-3;-4,1;-5,7;-8,12;-9,19;-12,24;-32,24
12 MASKED -5 -2 0,1,2 -32,-24;-6,-24;-3,-12;-2,-7;-1,-3;-4,1;-5,7;-8,12;-9,19;-12,24;-32,24
13 MASKED -5 -2 0,1,2 -32,-24;-6,-24;-3,-12;-2,-7;-1,-3;-4,1;-5,7;-8,12;-9,19;-12,24;-32,24
14 MASKED -5 -2 0,1 -32,-24;-6,-24;-3,-12;-2,-7;-1,-3;-4,1;-5,7;-8,12;-9,19;-12,24;-32,24
15 MASKED -5 -2 0,1,2 -32,-24;-6,-24;-3,-12;-2,-7;-1,-3;-4,1;-5,7;-8,12;-9,19;-12,24;-32,24
16 MASKED -5 -2 0,1,2,3 -32,-24;-6,-24;-3,-12;-2,-7;-1,-3;-4,1;-5,7;-8,12;-9,19;-12,24;-32,24
17 MASKED -5 -2 0,1,2 -32,-24;-6,-24;-3,-12;-2,-7;-1,-3;-4,1;-5,7;-8,12;-9,19;-12,24;-32,24
18 MASKED -5 -2 0,1 -32,-24;-6,-24;-3,-12;-2,-7;-1,-3;-4,1;-5,7;-8,12;-9,19;-12,24;-32,24
19 MASKED -6 2 0,1,2,3 -32,-11;-15,-11;-8,-7;-3,-4;0,1;1,7;-2,12;-5,17;-8,23;-11,29;-32,32
1A MASKED -6 2 0,1,2,3 -32,-11;-15,-11;-8,-7;-3,-4;0,1;1,7;-2,12;-5,17;-8,23;-11,29;-32,32
1B MASKED -6 2 0,1,2,3 -32,-11;-15,-11;-8,-7;-3,-4;0,1;1,7;-2,12;-5,17;-8,23;-11,29;-32,32
1C MASKED -6 2 0,1,2,3 -32,-11;-15,-11;-8,-7;-3,-4;0,1;1,7;-2,12;-5,17;-8,23;-11,29;-32,32
1D MASKED -6 2 0,1,2,3 -32,-11;-15,-11;-8,-7;-3,-4;0,1;1,7;-2,12;-5,17;-8,23;-11,29;-32,32
1E MASKED -6 2 0,1,2,3 -32,-11;-15,-11;-8,-7;-3,-4;0,1;1,7;-2,12;-5,17;-8,23;-11,29;-32,32
1F MASKED -6 2 0,1,2,3 -32,-11;-15,-11;-8,-7;-3,-4;0,1;1,7;-2,12;-5,17;-8,23;-11,29;-32,32
20 MASKED -6 2 0,1,2,3 -32,-11;-15,-11;-8,-7;-3,-4;0,1;1,7;-2,12;-5,17;-8,23;-11,29;-32,32
21 MASKED -1 -1 0,1 -32,-32;24,-32;24,-3;16,0;7,2;4,-1;-4,-2;-8,0;-14,2;-32,2
22 MASKED -1 -1 0,1 -32,-32;24,-32;24,-3;16,0;7,2;4,-1;-4,-2;-8,0;-14,2;-32,2
23 MASKED -1 -1 0,1 -32,-32;24,-32;24,-3;16,0;7,2;4,-1;-4,-2;-8,0;-14,2;-32,2
24 MASKED -1 -1 0,1 -32,-32;24,-32;24,-3;16,0;7,2;4,-1;-4,-2;-8,0;-14,2;-32,2
25 MASKED -2 -2 0,1,2,3 -32,-32;0,-32;9,-19;9,-10;2,-3;-5,1;-10,7;-24,14;-32,8
26 MASKED -2 -2 0,1 -32,-32;0,-32;9,-19;9,-10;2,-3;-5,1;-10,7;-24,14;-32,8
27 MASKED -2 -2 0,1,2,3 -32,-32;0,-32;9,-19;9,-10;2,-3;-5,1;-10,7;-24,14;-32,8
28 MASKED -2 -2 0,1 -32,-32;0,-32;9,-19;9,-10;2,-3;-5,1;-10,7;-24,14;-32,8
29 MASKED -3 0 0,1 -32,-24;-5,-24;1,-11;1,-3;-2,4;-8,12;-16,24;-32,24
2A MASKED -3 0 0,1 -32,-24;-5,-24;1,-11;1,-3;-2,4;-8,12;-16,24;-32,24
2B MASKED -3 0 0,1 -32,-24;-5,-24;1,-11;1,-3;-2,4;-8,12;-16,24;-32,24
2C MASKED -3 0 0,1 -32,-24;-5,-24;1,-11;1,-3;-2,4;-8,12;-16,24;-32,24
2D MASKED -4 3 0,1,2 -32,-10;-14,-10;-7,-5;0,4;-2,12;-7,17;-11,26;-32,32
2E MASKED -4 3 0,1 -32,-10;-14,-10;-7,-5;0,4;-2,12;-7,17;-11,26;-32,32
2F MASKED -4 3 0,1,2 -32,-10;-14,-10;-7,-5;0,4;-2,12;-7,17;-11,26;-32,32
30 MASKED -4 3 0,1 -32,-10;-14,-10;-7,-5;0,4;-2,12;-7,17;-11,26;-32,32
31 UNSUPPORTED
32 UNSUPPORTED
33 UNSUPPORTED
34 UNSUPPORTED
35 UNSUPPORTED
36 UNSUPPORTED
37 UNSUPPORTED
38 UNSUPPORTED
39 UNSUPPORTED
3A UNSUPPORTED
3B UNSUPPORTED
3C UNSUPPORTED
3D UNSUPPORTED
3E UNSUPPORTED
3F UNSUPPORTED
40 UNSUPPORTED
41 UNSUPPORTED
42 UNSUPPORTED
43 UNSUPPORTED
44 UNSUPPORTED
45 UNSUPPORTED
46 UNSUPPORTED
47 UNSUPPORTED
48 UNSUPPORTED
49 UNSUPPORTED
4A UNSUPPORTED
4B UNSUPPORTED
4C UNSUPPORTED
4D UNSUPPORTED
4E UNSUPPORTED
4F UNSUPPORTED
50 UNSUPPORTED
51 UNSUPPORTED
52 UNSUPPORTED
53 UNSUPPORTED
54 UNSUPPORTED
55 UNSUPPORTED
56 UNSUPPORTED
57 UNSUPPORTED
58 UNSUPPORTED
59 UNSUPPORTED
5A UNSUPPORTED
5B UNSUPPORTED
5C UNSUPPORTED
5D UNSUPPORTED
5E UNSUPPORTED
5F UNSUPPORTED
60 UNSUPPORTED
61 UNSUPPORTED
62 UNSUPPORTED
63 UNSUPPORTED
64 UNSUPPORTED
65 UNSUPPORTED
66 UNSUPPORTED
67 UNSUPPORTED
68 UNSUPPORTED
69 UNSUPPORTED
6A UNSUPPORTED
6B UNSUPPORTED
6C UNSUPPORTED
6D UNSUPPORTED
6E UNSUPPORTED
6F UNSUPPORTED
70 UNSUPPORTED
71 UNSUPPORTED
72 UNSUPPORTED
73 UNSUPPORTED
74 UNSUPPORTED
75 UNSUPPORTED
76 UNSUPPORTED
77 UNSUPPORTED
78 UNSUPPORTED
79 UNSUPPORTED
7A UNSUPPORTED
7B UNSUPPORTED
7C UNSUPPORTED
7D UNSUPPORTED
7E UNSUPPORTED
7F UNSUPPORTED
80 UNSUPPORTED
81 UNSUPPORTED
82 UNSUPPORTED
83 UNSUPPORTED
84 UNSUPPORTED
85 UNSUPPORTED
86 BALL_STOCK
87 BALL_STOCK
88 BALL_STOCK
89 BALL_STOCK
8A BALL_STOCK
8B BALL_STOCK
8C UNSUPPORTED
8D UNSUPPORTED
8E MASKED -2 -3 0,1 -32,-36;16,-36;16,-11;12,-6;8,-3;2,-2;-3,-3;-24,4;-30,-4
8F MASKED -2 -3 0,1,2 -32,-36;16,-36;16,-11;12,-6;8,-3;2,-2;-3,-3;-24,4;-30,-4
90 UNSUPPORTED
91 UNSUPPORTED
92 UNSUPPORTED
93 UNSUPPORTED
94 UNSUPPORTED
95 UNSUPPORTED
96 BALL_STOCK
97 BALL_STOCK
98 BALL_STOCK
99 BALL_STOCK
9A BALL_STOCK
9B MASKED -4 8 0,1 -24,-32;24,-32;24,3;9,3;8,8;3,8;-2,9;-6,7;-14,10;-24,10
9C MASKED -4 10 0,1 -24,-24;24,-24;24,12;17,16;3,16;0,12;-2,10;-5,8;-11,8;-17,12;-24,12
9D MASKED -2 -3 0,1,2,3 -32,-36;16,-36;16,-11;12,-6;8,-3;2,-2;-3,-3;-24,4;-30,-4
9E MASKED -2 -3 0,1,2,3 -32,-36;16,-36;16,-11;12,-6;8,-3;2,-2;-3,-3;-24,4;-30,-4
9F MASKED -2 -3 0,1,2,3 -32,-36;16,-36;16,-11;12,-6;8,-3;2,-2;-3,-3;-24,4;-30,-4
A0 MASKED -2 -3 0,1,2 -32,-36;16,-36;16,-11;12,-6;8,-3;2,-2;-3,-3;-24,4;-30,-4
A1 MASKED -5 -3 0,2 -32,-32;3,-32;3,-15;3,-12;5,-10;5,-8;4,-6;2,-2;-4,-2;-7,-4;-13,0;-32,0
A2 MASKED -2 -3 0,1,2,3 -32,-36;16,-36;16,-11;12,-6;8,-3;2,-2;-3,-3;-24,4;-30,-4
A3 MASKED -2 -3 0,1,2 -32,-36;16,-36;16,-11;12,-6;8,-3;2,-2;-3,-3;-24,4;-30,-4
A4 MASKED -5 -2 0,1,2,3 -16,-32;32,-32;32,-14;16,-11;8,-10;6,-4;3,-2;-6,-2;-12,-5;-13,-10;-16,-12
A5 MASKED -5 -2 0,1,2 -16,-32;32,-32;32,-14;16,-11;8,-10;6,-4;3,-2;-6,-2;-12,-5;-13,-10;-16,-12
A6 MASKED -5 -2 0,1,2,3 -16,-32;32,-32;32,-14;16,-11;8,-10;6,-4;3,-2;-6,-2;-12,-5;-13,-10;-16,-12
A7 UNSUPPORTED
A8 UNSUPPORTED
A9 UNSUPPORTED
AA UNSUPPORTED
AB UNSUPPORTED
AC UNSUPPORTED
AD MASKED -2 -3 0,1,2,3 -32,-36;16,-36;16,-11;12,-6;8,-3;2,-2;-3,-3;-24,4;-30,-4
AE MASKED -2 -3 0,1,2,3 -32,-36;16,-36;16,-11;12,-6;8,-3;2,-2;-3,-3;-24,4;-30,-4
AF MASKED -2 -3 0,1,2,3 -32,-36;16,-36;16,-11;12,-6;8,-3;2,-2;-3,-3;-24,4;-30,-4
B0 UNSUPPORTED
B1 UNSUPPORTED
B2 UNSUPPORTED
B3 UNSUPPORTED
B4 UNSUPPORTED
B5 UNSUPPORTED
B6 MASKED -4 4 0,1,2 -24,-32;24,-32;24,1;11,3;9,6;4,8;0,7;-3,5;-6,2;-10,3;-24,3
B7 MASKED -4 4 0,1,2 -24,-32;24,-32;24,1;11,3;9,6;4,8;0,7;-3,5;-6,2;-10,3;-24,3
B8 MASKED -4 4 0,1,2 -24,-32;24,-32;24,1;11,3;9,6;4,8;0,7;-3,5;-6,2;-10,3;-24,3
B9 MASKED -4 4 0,1,2 -24,-32;24,-32;24,1;11,3;9,6;4,8;0,7;-3,5;-6,2;-10,3;-24,3
BA MASKED -2 -3 0,1,2,3 -32,-36;16,-36;16,-11;12,-6;8,-3;2,-2;-3,-3;-24,4;-30,-4
BB MASKED -2 -3 0,1,2 -32,-36;16,-36;16,-11;12,-6;8,-3;2,-2;-3,-3;-24,4;-30,-4
BC MASKED -2 -3 0,1,2,3 -32,-36;16,-36;16,-11;12,-6;8,-3;2,-2;-3,-3;-24,4;-30,-4
BD MASKED -2 -3 0,1,2,3 -32,-36;16,-36;16,-11;12,-6;8,-3;2,-2;-3,-3;-24,4;-30,-4
BE MASKED -2 -3 0,1,2,3 -32,-36;16,-36;16,-11;12,-6;8,-3;2,-2;-3,-3;-24,4;-30,-4
BF UNSUPPORTED
C0 UNSUPPORTED
C1 UNSUPPORTED
C2 UNSUPPORTED
C3 MASKED -2 -3 0,1,2,3 -32,-36;16,-36;16,-11;12,-6;8,-3;2,-2;-3,-3;-24,4;-30,-4
C4 MASKED -5 0 0,1,2,3 -32,-26;12,-26;12,-9;3,0;-16,4;-32,4
C5 MASKED -2 -3 0,1,2 -32,-36;16,-36;16,-11;12,-6;8,-3;2,-2;-3,-3;-24,4;-30,-4
C6 MASKED -2 -3 0,1,2,3 -32,-36;16,-36;16,-11;12,-6;8,-3;2,-2;-3,-3;-24,4;-30,-4
C7 MASKED -2 -3 0,1,2,3 -32,-36;16,-36;16,-11;12,-6;8,-3;2,-2;-3,-3;-24,4;-30,-4
C8 MASKED 5 5 0,1,2 -32,-32;32,-32;32,2;18,5;10,6;8,6;6,4;0,4;-2,10;-6,10;-6,6;-10,4
C9 MASKED 5 5 0,1,2 -32,-32;32,-32;32,2;18,5;10,6;8,6;6,4;0,4;-2,10;-6,10;-6,6;-10,4
CA MASKED 0 7 0 -16,-24;16,-24;16,3;8,4;5,7;-4,7;-8,4;-16,3
CB MASKED 5 5 0,1,2 -32,-32;32,-32;32,2;18,5;10,6;8,6;6,4;0,4;-2,10;-6,10;-6,6;-10,4
CC UNSUPPORTED
CD UNSUPPORTED
CE UNSUPPORTED
CF MASKED 5 8 0,1 -32,-32;24,-32;24,5;12,8;8,9;4,7;0,6;-4,8;-11,9;-11,3
D0 MASKED -3 12 0,1,2 -22,4;-19,0;-12,-1;-10,-6;-5,-6;-2,-3;-2,1;3,2;3,6;0,9;-2,13;-6,14;-11,16;-15,12;-20,15
D1 MASKED -3 10 0,1,2 -22,8;-15,7;-12,4;-12,0;-10,-4;-7,-7;-4,-7;0,-4;1,0;5,1;5,4;2,6;1,9;-4,12;-10,12;-16,15;-20,14;-20,10
D2 UNSUPPORTED
D3 UNSUPPORTED
D4 UNSUPPORTED
D5 UNSUPPORTED
D6 UNSUPPORTED
D7 UNSUPPORTED
D8 UNSUPPORTED
D9 MASKED -2 -3 0,1,2,3 -32,-36;16,-36;16,-11;12,-6;8,-3;2,-2;-3,-3;-24,4;-30,-4
DA UNSUPPORTED
DB UNSUPPORTED
DC UNSUPPORTED
DD UNSUPPORTED
DE UNSUPPORTED
DF UNSUPPORTED
E0 UNSUPPORTED
E1 UNSUPPORTED
E2 UNSUPPORTED
E3 UNSUPPORTED
E4 UNSUPPORTED
E5 UNSUPPORTED
E6 UNSUPPORTED
E7 UNSUPPORTED
E8 UNSUPPORTED
E9 UNSUPPORTED
EA UNSUPPORTED
EB UNSUPPORTED
EC UNSUPPORTED
ED UNSUPPORTED
EE UNSUPPORTED
EF UNSUPPORTED
F0 UNSUPPORTED
F1 UNSUPPORTED
F2 UNSUPPORTED
F3 UNSUPPORTED
F4 UNSUPPORTED
F5 UNSUPPORTED
F6 UNSUPPORTED
F7 UNSUPPORTED
F8 UNSUPPORTED
F9 UNSUPPORTED
FA UNSUPPORTED
